28,2
28,1
28,3
3,2
3,1
3,3
10,224
10,110
10,104
10,312
10,140
10,306
10,152
10,1
10,116
10,2
10,3
11,5
11,25
11,10
11,8
11,23
11,1
11,15
11,2
11,3
9,7
9,4
9,1
9,6
9,2
9,3
8,18
8,6
8,13
8,8
8,16
8,5
8,15
20,3
20,2
20,1
19,3
19,2
19,1
12,3
12,2
12,1
8,17
18,1
8,14
8,11
8,10
8,9
8,3
8,2
18,3
8,1
0,672
0,671
0,670
0,669
0,668
0,667
14,1
0,666
0,665
0,664
0,663
0,662
0,661
0,660
0,659
0,658
14,3
13,1
0,657
0,656
0,655
0,654
0,653
0,652
0,651
0,650
0,649
0,648
13,3
0,647
0,646
0,645
0,644
0,643
0,642
0,641
0,640
0,639
0,638
0,637
0,636
0,635
0,634
0,633
0,632
0,631
0,630
0,629
0,628
0,627
0,626
0,625
0,624
0,623
0,622
0,621
0,620
0,619
0,618
0,617
0,616
0,615
0,614
0,613
0,612
